$ANSIBLE_VAULT;1.1;AES256
34376138373735383663393963346630633033396234333234323462386336626238336232336433
6566643733353863383534353239613731656538663163390a393835323738316130656462626265
38383434363162623939303065396264393265646333313863643330326638393133303537663430
3933313365353139360a646230363166643630653034643166383863646437346339366663313135
35323930323466646638633238663835666133663433316438396130613538313762613062633266
62376465383336316433363438373139346335663537383461333465383837383737633633333434
33653733383961663734303836336132656136396431306333656331336634636436393236383033
32653336376438643465323966356336613031303566356437386664363166356430663830636462
65643831343965653533323035643961663461646331313639313138343135353264313762353536
66376661363736366535376665626138393663386639313430306364343334623833373563386633
33663563616566363635373235373332363733393261623638333131623837643462376637396539
39353137393465666662336539393038383935353834373433303935356632643066376135383764
38643433623563643737616366393737656132373530623637616564333534303134643664323866
65653839333837323739376435386139356437393064326261646336653461636137643830383138
35656633313336663565383336346563346635346163373730356461363161633434626634333564
38336330646631336334663839366236636462633239313630633138323331343439393261353563
33313035623437396662643132386562623562393739303764396438353438336562333733666461
39663064623162616530633965363130663131333131316461346564386339333339306432343330
35613364383330626236353138373936373562346561623533333463313239653635343833646430
32663534613532643133313264643830323235646330306432396638366661326136323831663964
64663937303236666263666130393335306262663061393463366461343638633663333466376239
35626335303735356530663033643331393539323662386533613864313338313932633437623135
38656233663062383531393433316434663934356434336663363432653832393661643335666665
36386166386139303939373532353131613537383534323937303535306538323634653136366439
30663561626638643839663961663465373736653333336632373466353564336539383166643433
65646165393564636134656562303438616433616564336161393831616232376637313835653936
34363534653432313665616165396637616538393763346132663166653038616334333238636462
37656637653030643839633030396231373831313132326630626337663461326563343335633961
39646137346565363132613239656664376532363139363066323964326532396263643832656235
34656430363932356538353332376564353837396664656530636434626265383131643666383034
32623833333530636132616263383532383137623233373439333532386464626138333166326261
33343432366439316436653838363833376535386532633763336138636333353237643538346261
33353633396363366439653966326531326433646363313232363133373030623764346131356535
61396537636133363030383937383137393433626437656636383639363139313033333362343161
62386662653439653461323462613130623131393861356463626265616663623635626232343338
32646632386663653634383034623435663330333863643464633433333735616262343335626330
36616638323761666434666238333333383138303136353866616539623532633666363536636264
30623364343063383461333164363863613233646533366535663330363264323937376664363263
66363664303238633561643931333430393461336564663062653830303833376534326662616535
62613961396564643563303265363330316137306366303465393035663330313636376466383035
63626435613262653434366137613665646537306533336531383532313233353839316233623734
63636536386465376637633331663634336461653235363931353762313133313935623031633662
65653263313238373933363935616535663638646637653435343261323931366633613439313264
64343133613434366464313534303862313633616363366236643334636133353537623264636466
36396631633738303931646233393336666633343664343263363734616430353766343538326635
38623334616566393861613065393734346465636366633064666330613938613063663632616464
30636161663235303535303834356438653265343234626163653065613731376233373038623435
30383537396534336235366336363963626663613639643264373861633464376565646137303134
65636664393936656665643031653931313364386238643965393636363137623736633864373734
62346530323161643831656266653764666165383935666564323935323638316433326264653264
38306435633430653134346332393530376264653864303836643735326534303530373630616234
34353164396136396535356136356264356431633634316662663763336236393635373134646665
35653736333866666361636234303931623831306666306562363737396132646333316330666261
35316234656661316233643936646462366437663536376461383865663334343930363839373831
61356135343633623062383463636464643963613234376134613261653437663562376238353461
37323531666139626436373161333537323765333839393263366537656131663238393235663535
36656263646332346665636431346365376430313838353265626563303939666138396362663861
64343431383665373730626361333135373030346538333033373730653137313332333135306336
31353430306131653434336335346161663265313230376236663631626466303134666665356265
32343734326566323434323865663664343936653564326536363561303534623062363930373832
30633465303430313038666630326461623331326435353339656139333234646233333739323631
32653566613237306334366462373831623332396234343936623363343038396134623561653138
61316632633861326436376637333230363337646466633236616130386533656165383862613663
61356530383138326331623335346665323337663930643739326461613136346536343634333664
30623236343730656135326335653039663732383162636534376565376265623130386562393330
35666138393166373739626435373437666566303137343636303135306361356561323063346664
32646538636563373632306166323565326361363162326531343364313962366430343565363665
64643462363533333765383433303263663435336562666636646135363134346364653063383932
31616432633235663438306234313361653663323531323866383530656561633161393930303332
66373930356563616533623935613037666333363035656634333532323334333864366366393133
31663232396131663735333164373062343363663463613334316334633732393464336234396234
37373565333735376566646233363532363138643565333963623237653033303963343263616330
64373837663437356232323163616437373338316430303765323766373662363431373430663236
66363863363533633136356237626165653831386631383532663663383664333336653233313034
62623430623336316332383266333335393835653134343663656538653061616538613730393864
62633066366666366166323861373436656439626432333461646434373735643266353336646261
32383432666162646432313163303531303762363564303933633037363937663165666232663534
35666232363531343761383539363762336163306635626331316563663635376336363363393035
34313963303963346337303161656336636237303735346666613637393866356135356338316363
33303836396237633535656230323062363132333435666438363637666263373330386663623034
37383165303735663131343730616132613161633962333031653737613330376236343963383238
30323130373264653165643132373134623833383337363865343631633063363561613863383461
34356238363030353430646165653135343236623131343539643738373066373731363639623931
34366636653561326637663839366133653865303738613633363966363336393233666133663031
32663032666536656462663036306536363036396366373538313632646637393033643232663036
62393232346538386230646566656331376634623566633835633262326164366635363736376439
35333066626566646333396364636233306137613239646163343063656364306531343231623164
64633139653536653533303363306531383064303765623936346331373234646666663564373365
36326565633633616665363732653431363130666562303062346439363937633066316261316662
66316638643036626537323066386564383464336639373466623335616239346333303333376562
63656663653661323437353237386265353766333238376261326539303865356362363731646463
37626563333837393039633232363961613434633633633236376639623031653963666165393965
62363164616266396537343534323165353163653663396564333237393539383936643266623937
33376163353337623962653061366562663662383534353237656636646262626266616338393061
33363434653131363330616462316162363065633362646238343862376139346666663632343330
61363831623238633038663631646334353830643334383864666264646337636532363539396265
30623263366430386639323736646364636135626630353539346234663635316361336632386565
62653964353236376134336665376566303630373762336634343732313934666462323662316664
32363262646232626631363263366230653435326639326337396462666238393061393939386539
39303538303839353537636236656561313161316264643337373236616230663462653365656232
32373465386463386262386432613436613536363462363235663638613731396530333237313435
64656231626537383362343661643238396133336566383731333366623931303339343139653635
37623463646533636264636434393433663165623736666466393064366639343666313833613061
36313463626134336664313666353538343130356662643866356663386166636462646166353930
66626339306136303739616666663630336465643333313235326465386166623839383438336532
32313838393435313064306438333439383666323830623264633338396436393137353331663864
35333734643939313831636661393565373237633563346364383335616461316232396234613538
62313061343564636133323064393361393030623564323862313638656335306465633031323334
31336165633830366466636536653865613236313837343730666639353064373035666564643563
34396665643635653330316631303636636665353235653134356537623730383462343339313234
65633736366339623935643861373561313334343333613765343962313364656631356561363639
38613638346532633961333438623535626262643262643866393530326132386664376365633837
63333735656637313866363931643635626634326263656235323262633733643463373861356164
36356466313532313935666133316230356561323565376436616532346637373133653866386138
62336261343231336237366139373238613633343239386133393362666339656531346334393766
65373965666231323034336130346163313832353035353932643264396661633566616661323539
35393562316333376632306137303734383337363632333036386163306637626535386564666661
33306366643533366133323338633133646166333039396238346638396435363133393665353135
66663536643964303134373030666633663634653765333964376137303364306233306433303264
66366135353363343535613136366433656365396231613237613563356636323237353532393535
63316531393062656436316366316162363866356438633134623535613765623562616238326635
61646464633933363838346437663962313661313837373530633839306661313037663638323562
30613233383533626335343335393636643032373433306635636338343938373932663539376132
32626532666230333433653934626362623339303135656264323738316366626366663433333137
31363436633134636161646561336164623130333036633831623137653236616538353365313634
38323533626364303330383363623037373435623664343163376264336330323237313834666537
62613466383739333966633430653839383535363030663334353438363633666463636562633364
34663839626435623139363632306364623938343034316539646538303239383034383831326164
30303463356264616634643032366532366363336332373630666262613161663737316461643639
38643663316538613766636332336133363833323137333134656265613461633037306538356238
36376234306461343030653763346538353836313363636334386433643065336563303536366465
65393139643138353065633161383132316166333639336438343239663533346639356163383864
66336233653336313763323965396364353739626533373236633762666432373435326130363930
3335373863393363346537636430306137313434333432623332
