$ANSIBLE_VAULT;1.1;AES256
63373333626562313861333765366135323634326631613032383836333665666163363238333931
6164653762633739383831323164613833613032623439350a636565306332313166376233626331
34643030366162623065653734636163646135303365353538353563643636303162613465316633
6635393335633732380a306666303561623464656334353633303534623738643437323439313036
36303039323965646132653636356566356662366466366230373832313765613937626339346532
39346437336334373762666663343731373733643239313363323562633632626462633864303364
64346364633539396333346236386634613864653665613439306432336337303165313232643037
62326430616338326564643764333363633162366139316231303464363437323133313138393637
66343339393362336632646338373832303331666563303433396331313566616161346336623233
38663464363239376430373036656536336434346465333562616537393538666635336230353162
30663066396439393639626465343135646436663236643363386462666537303264643531333363
65636230666365623136653239336231656661313364336232386438663861376233656239343061
65333362333264383536626662636261646463316666653931656634666139396530643032303939
30386339323132613139303230356561663238663239353063616162366666386639396239643662
64306630636632353535633233646366643036663332643930663663626665373232313739336231
32616236326561616232646163333038363262343765383530366631626165363365383336356530
65393937373439323136373563333334313534313965333036643033303131366263636632353836
33633535303231393566343766303430343838333234383439326466663665373035626333383833
39623661666466343731376661663337363361613233353937643432313932373839386335393633
36343037636666326566653934346563346333623563316633633663353839333963343139313364
62613930326462363733653134333432316237356639326261373861383633333032353139306630
37633738393839633864633536656232646130656230333163376437316435393232393666323566
30623330316132636131623466346133303564313735653839333232393265383632626263396262
33663664633961656634613463306231653761363535346366356532313664643035613432633339
6237
