$ANSIBLE_VAULT;1.1;AES256
65303966343136613531613036633032636265303539646666613763383737323236666664666230
3761636439633237303835383634383030613866623035300a663532623436643838626566636239
61356537363966363932333366613535353737346432656261623065363831393865323565396365
6266616637346138390a323836646332383365643864396365383932383034346537303566393233
37633836313261353565643231656339623631623939386266633038323039656366663264343839
62653965353862326435393833396633303633353464633237303339333937373332633565616532
37306162323964613465376431303038363336626563656136656633646639313064663365373261
37636635396365623065383036623931393132333662356539646466373136323065346131613738
33333165386530653763343133323834346432613234373739613836633036623530656132366562
38636462346364383237393261343332376230383062623636326432336161346366363635386663
65353363303464613162626431653662663265633831633761323163373535323633383532313833
63633463616630656636616363326533356639373934326333393831636263356162656265323232
36336464643831636562393130366662303661383738306534343136306363373261653832393064
30626638383239393935656164363534666562326532333465316361626265343635386464343037
61626132346632306139313532376633663432346337653564656561303533663836643462396434
64353833373930643932376334306638373732356538666233383635336335393933363462396536
38306161363861643131343731626637313431653439623761656266613634356361626262616437
31643638663331343639376231343131656165633233343134303239633330333238306365396261
32373135333938643337316165313339346330353339356164326465646364326165393563363361
65616133346233386364623439333839643961316432376166353438333037663839326434663336
38626332306335353062613439623338636363646537346161393763306535393634323334393136
65393934373962303232363965356164613439663732356461633134666633613864653931333866
37653432326164333938666466323864376636623435623436623332336163613430663839643833
39373533323532316663663033383461323937616261316230653764316332326663396466616538
65316664313936336132363961356433333134373339653933643665356135343563316164653066
32373038626137393431373466663134626336656334383164663166393436356261656430663031
39363236663366313832373163323134383139396463626261363038363261303864613033636234
61663363613561626139663964386266393464653932356535643436396664316334666530383230
31663762353661303661636635633465613465326562393338653633616536323139
