$ANSIBLE_VAULT;1.1;AES256
39306461356465646232356434303833396363393338303630616366386631333863333830373936
3330323562373062323062656638316235656465623239650a393962653263663335373436353830
65656135353831383432303563353864306232396535626563643866393434643464386637343930
6365666230326635370a393362336666313839343665663062393537643966666261643362366639
35303566343336663935306331643739353035626237323532633738663037396566326264643934
34396133633166306135613463636637356637373730346164353834613062353631323162353437
33663930343330663930306130633730653730333634366238343333663066376635363662623065
30376637653462666531373561643530663439303135373663643531383263383837313265383135
39363366373031356366613639643637343161303637653832633164613132626162303633633335
30363964343935303561326332386161616466323062393865343166363034373463656161386665
61333035633431623366376136666534343261323261326430613838313734366166613461323032
66303430303337633065643433626131306137636165376534356363656535376332326536653839
36383766303637393662393034343965613936643633326132333162383738306135646565343531
66353435336538633134613162373561636365626533303665663430343261306335373831656339
66376162616662383364353431663061383839363564333934313331616239616662346362326566
35616466663433353532623036323732613666346439386339626462353962356663643539636232
38616530353236373636353639326534306436616636663838613764626265383365303464333834
35343961366437656363653537663739653064663462343537613361386235326638633061653037
30316564373061366162633030323538343765316636366532663162333631306662323266656332
33393233636632346434343935393539383565353432323862623366306264626336396332613738
64323435333565643963626435636462656536666534613665336132353130393637656334303635
33646266333265363832633866333765373638666437373163326433643666336630653864343162
39356163646233356133363638613462346632306465613430623638376532383464303564386264
62366239366339333438646533323335323566316135393861636531343035663063663338343032
62623364383435366365313661316336323038393162616166663135333038656333323366363236
37636461316261656465613161373335333163613561643965356262636464373532363532653638
31393131303938656337383463323165303635373637646138656562386636646131626236356437
31393966383961333733663438646535633933626336393363343635633639316266653238353430
36316337656661316461636664356661396462633938346232313037323664343564393134383736
63326336353034323363373465646433333562373135613163323431383531376134626166376366
35656430343366306166376264366339326535326136333138326561343731623438653264356332
39653262373033623935663030633336666336306636313534393331376437643064383433333132
65323233623665303262363064306635346265306133323864626266363039333236353636323635
39326363633434386439623566666562633136633438346237356533376262643535613734366332
30336430393936316634333565663430333765626262636262336665613239316565646566306334
61313362623032366337333865653837373136386532326534356434316533643961643737393838
31646338323036363337313933323639336535633930643934623439323439653731356337373337
30373538313735313735663835343335313333326361643133626134623339656165663263366230
33656434346634316233616162613230323261366631343634666336323964623762346139653337
35616439366434353732376431633431663339313063623266363561303533646465353964663664
62393130333939393938313065383739636535663934333161356564386565366533663639363464
33303064313434653063366633306430303531336665333162393561336638316231343966393063
32353536646635336431656434643435636339333765613663356139336433633031303631613266
33633037363566343464663634353539663532646464343930626465363833333135613139306432
38303164626662636431363635633039323561396266306339623161393266316263386666303366
37663031373863333661373636636630626265623038636432343163346136616539613165363364
66356339346630393535656362393631323636613963653531303237306438373732616463356163
63313033306634333737373630616534663635383038353236353735373665336262643830616262
66613164396134656663306666623761393265653163656332343539353364626664383334656166
39393132363534623236383130613861623761373732353738366433366238323963306134393133
36343238633332653134363339313330336531613137613466663465626163346564363631613830
30383135333936623735353133666131633065643065663965386130323735383430636233333461
39366434313238663865613739376366666337656363323366313261646537373335653565363531
30383837386264383338376364356434653261333231303138373837613431326439653335646566
66383130623163303366653833313664373630326166373562613933336265356530653461373764
33623031363539653431353731343637646662633736616232636535313665616235373839353361
63396631373032303730396639666363653164633038636438376366316363316532613335336636
62653764636235346539653364663234613230616564353266383766663739383739333963623535
36653566303339356662643333366131396334353137623533633463383466306635346139366366
33613534313830663837656330376531353261653735643134643735353130333330646138306535
39613762346561383038356562623135626637646238303038613237303838373831303762326131
32656630373163663361356139656231346261623532313630633734633262613635376538613230
36306439613236343935623138626463396336623264663838623763633435656464323837326266
36316363636431666134333361366634346433623265323761643638663263626632333238303836
33383831356631643664353635613330366336353638643436623932333938356165613461333237
61383135313538643934633663363338666236373736333966336632633461393562383539383766
39353233626439663538363465373439616162393161393832636639323465666131336635653361
30623738373435616665393834363332306537633137613631306130323633623062643932633636
33333736323735313230663030343966373930306362323838636239386535343636366264356563
65316138396665613932303731636630653232633866623433623830656235323365383339326337
66616431316566376562376236663562616436303465366361373639306366643934313564623437
62366337363863646664323832373832646639366165336466646238393932306665613931633263
34653834663034386538373538373363366538363038616666306361666236653564633130373461
62653539373761653730353336336262636636623162366365323565623766393864636463636264
61303932383038313232376166356264663563333134666237616433323239633262663366643636
38383238326636383963366263643830316337366133633137316463373164633236616132336561
32346631393339363433643131653938626166313962303130356537373366343362386130333564
34643763393935323235376362326632343265666235373262666563373230616630383362613035
65646664643933366230313262373961353630383836383236386639616639616462386634646362
61316434366165613934663137393633383132636435623439373736656536633364633837376166
32306539636465626631626236383765643961333937393431653237333739386638663738343037
31383136633832326434623063663637663937383361656537343933346634616231366337646465
30633865316264373437356161313537663831343466636462376161383039633437643633343730
32656661626234626630616638356338383562303566366266306131363761313966386364323131
32636132613861376634333861373038323839616136356435643338343463346463663536376333
39613139643930616333336438366566356333313933336165363339643131386663633565356530
34643435316436303163366339353363656236613965386537666638616635613637623133363935
36383663663536623438
